================================================================================
TOP 20 WORST PREDICTIONS
================================================================================

INFECTED CELLS (Worst 20):
--------------------------------------------------------------------------------
Rank   True Time    Pred Time    Error      Cls Conf  
--------------------------------------------------------------------------------
1      3.00         7.70         4.70       0.0515    
2      4.00         8.05         4.05       0.0014    
3      22.50        18.53        3.97       1.0000    
4      28.00        24.29        3.71       1.0000    
5      4.50         8.03         3.53       0.0684    
6      21.00        17.47        3.53       1.0000    
7      0.00         3.48         3.48       0.2642    
8      6.00         9.47         3.47       0.7992    
9      0.00         3.36         3.36       0.9987    
10     1.00         4.28         3.28       0.0059    
11     5.00         7.99         2.99       0.2265    
12     26.00        28.98        2.98       1.0000    
13     30.00        27.08        2.92       1.0000    
14     0.00         2.91         2.91       0.2004    
15     24.50        21.60        2.90       1.0000    
16     23.00        25.83        2.83       1.0000    
17     20.50        17.67        2.83       1.0000    
18     3.50         6.28         2.78       0.1379    
19     31.00        28.23        2.77       1.0000    
20     22.00        24.72        2.72       1.0000    

UNINFECTED CELLS (Worst 20):
--------------------------------------------------------------------------------
Rank   True Time    Pred Time    Error      Cls Conf  
--------------------------------------------------------------------------------
1      18.50        12.07        6.43       0.0023    
2      20.00        14.60        5.40       0.0001    
3      13.50        8.44         5.06       0.0003    
4      12.50        7.82         4.68       0.0001    
5      25.00        20.33        4.67       0.0000    
6      14.00        9.42         4.58       0.0000    
7      25.50        21.02        4.48       0.0000    
8      0.00         4.31         4.31       0.0027    
9      34.50        30.40        4.10       0.0000    
10     16.00        11.97        4.03       0.0000    
11     14.50        10.51        3.99       0.0000    
12     20.50        16.54        3.96       0.0000    
13     0.50         4.45         3.95       0.1469    
14     31.00        27.08        3.92       0.0000    
15     24.50        20.59        3.91       0.0000    
16     30.00        26.12        3.88       0.0000    
17     12.50        8.67         3.83       0.0001    
18     24.00        20.21        3.79       0.0000    
19     28.00        24.28        3.72       0.0000    
20     19.50        15.87        3.63       0.0000    

================================================================================
ERROR STATISTICS
================================================================================

INFECTED CELLS:
  Mean Error: 0.935h
  Median Error: 0.734h
  Std Error: 0.773h
  Max Error: 4.697h
  95th Percentile: 2.386h

UNINFECTED CELLS:
  Mean Error: 1.246h
  Median Error: 1.023h
  Std Error: 0.973h
  Max Error: 6.427h
  95th Percentile: 3.075h